0	0
1	0
2	0
3	0
4	1
5	0
6	1
7	0
8	0
9	0
10	0
11	3
12	0
13	0
14	0
15	0
16	0
17	1
18	3
19	1
20	1
21	1
22	0
23	1
24	0
25	0
26	1
27	0
28	1
29	3
30	1
31	1
32	1
33	1
34	0
35	1
36	1
37	1
38	0
39	1
40	1
41	1
42	0
43	1
44	0
45	0
46	0
47	0
48	0
49	0
50	0
51	1
52	1
53	1
54	0
55	0
56	0
57	0
58	0
59	0
60	1
61	1
62	0
63	0
64	1
65	1
66	0
67	1
68	0
69	1
70	0
71	0
72	1
73	0
74	1
75	0
76	1
77	0
78	1
79	0
80	1
81	0
82	1
83	1
84	1
85	1
86	0
87	0
88	1
89	0
90	1
91	0
92	0
93	1
94	1
95	1
96	1
97	3
98	1
99	3
100	0
101	1
102	0
103	1
104	0
105	0
106	3
107	1
108	0
109	1
110	1
111	3
112	1
113	0
114	0
115	0
116	0
117	0
118	1
119	0
120	1
121	1
122	0
123	0
124	0
125	1
126	1
127	1
128	0
129	1
130	0
131	1
132	0
133	0
134	0
135	0
136	1
137	0
138	0
139	0
140	1
141	1
142	1
143	1
144	0
145	1
146	0
147	1
148	1
149	3
150	1
151	1
152	1
153	1
154	3
155	0
156	1
157	0
158	1
159	0
160	1
161	0
162	1
163	1
164	0
165	0
166	1
167	0
168	1
169	0
170	1
171	0
172	0
173	0
174	1
175	0
176	1
177	0
178	1
179	0
180	0
181	0
182	1
183	0
184	1
185	0
186	1
187	0
188	0
189	1
190	1
191	1
192	3
193	1
194	0
195	1
196	1
197	0
198	1
199	1
200	0
201	1
202	0
203	0
204	1
205	0
206	1
207	0
208	0
209	0
210	0
211	1
212	0
213	0
214	1
215	0
216	1
217	1
218	1
219	3
220	0
221	1
222	0
223	1
224	0
225	0
226	0
227	0
228	0
229	1
230	1
231	0
232	1
233	1
234	1
235	0
236	1
237	0
238	1
239	1
240	0
241	1
242	3
243	1
244	0
245	1
246	0
247	1
248	1
249	1
250	1
251	1
252	1
253	1
254	1
255	1
256	1
257	3
258	1
259	1
260	1
261	0
262	1
263	0
264	1
265	3
266	1
267	0
268	1
269	1
270	0
271	0
272	0
273	3
274	1
275	0
276	0
277	1
278	1
279	1
280	3
281	1
282	1
283	1
284	0
285	0
286	1
287	0
288	1
289	1
290	1
291	0
292	1
293	1
294	0
295	0
296	1
297	1
298	0
299	0
300	0
301	1
302	1
303	0
304	3
305	0
306	0
307	0
308	0
309	0
310	3
311	1
312	1
313	0
314	1
315	0
316	0
317	1
318	0
319	0
320	1
321	1
322	1
323	0
324	0
325	0
326	1
327	0
328	0
329	0
330	3
331	1
332	0
333	1
334	0
335	0
336	1
337	0
338	0
339	0
340	1
341	0
342	3
343	1
344	0
345	0
346	1
347	1
348	0
349	0
350	0
351	1
352	0
353	0
354	1
355	1
356	0
357	0
358	1
359	1
360	0
361	0
362	0
363	0
364	0
365	1
366	0
367	0
368	0
369	1
370	1
371	0
372	1
373	1
374	0
375	0
376	0
377	0
378	0
379	0
380	1
381	0
382	0
383	0
384	1
385	1
386	0
387	1
388	0
389	1
390	1
391	1
392	1
393	0
394	0
395	0
396	0
397	1
398	0
399	1
400	0
401	1
402	1
403	3
404	1
405	1
406	0
407	1
408	0
409	1
410	0
411	0
412	1
413	1
414	0
415	0
416	0
417	0
418	1
419	1
420	1
421	3
422	1
423	0
424	1
425	0
426	1
427	3
428	1
429	1
430	1
431	0
432	1
433	1
434	0
435	0
436	3
437	1
438	1
439	1
440	0
441	0
442	1
443	0
444	1
445	0
446	1
447	0
448	0
449	1
450	1
451	1
452	0
453	0
454	0
455	1
456	0
457	0
458	1
459	0
460	0
461	0
462	1
463	1
464	0
465	0
466	0
467	0
468	1
469	1
470	0
471	1
472	0
473	1
474	1
475	1
476	0
477	0
478	0
479	0
480	1
481	0
482	0
483	1
484	0
485	1
486	0
487	1
488	0
489	1
490	1
491	0
492	0
493	0
494	0
495	1
496	0
497	0
498	0
499	1
500	1
501	0
502	1
503	1
504	3
505	0
506	1
507	0
508	1
509	1
510	0
511	3
512	1
513	0
514	0
515	0
516	0
517	0
518	0
519	0
520	0
521	0
522	1
523	0
524	0
525	1
526	1
527	0
528	0
529	3
530	0
531	1
532	0
533	1
534	0
535	1
536	1
537	1
538	1
539	1
540	0
541	3
542	0
543	0
544	1
545	0
546	0
547	1
548	0
549	0
550	1
551	0
552	1
553	1
554	0
555	1
556	0
557	0
558	1
559	1
560	1
561	0
562	0
563	0
564	0
565	0
566	1
567	1
568	1
569	0
570	0
571	0
572	0
573	0
574	0
575	0
576	0
577	1
578	1
579	0
580	0
581	1
582	0
583	1
584	0
585	0
586	1
587	0
588	0
589	0
590	1
591	1
592	0
593	1
594	1
595	1
596	1
597	0
598	1
599	1
600	1
601	1
602	0
603	0
604	0
605	0
606	0
607	1
608	0
609	0
610	0
611	1
612	0
613	1
614	1
615	0
616	1
617	0
618	0
619	1
620	1
621	0
622	0
623	0
624	3
625	1
626	0
627	3
628	1
629	0
630	1
631	3
632	1
633	0
634	0
635	0
636	1
637	0
638	1
639	1
640	0
641	0
642	1
643	0
644	1
645	3
646	1
647	1
648	0
649	0
650	0
651	0
652	1
653	0
654	0
655	0
656	1
657	0
658	0
659	0
660	1
661	0
662	1
663	0
664	0
665	0
666	1
667	0
668	0
669	0
670	1
671	0
672	0
673	0
674	0
675	1
676	1
677	1
678	1
679	0
680	1
681	1
682	1
683	0
684	1
685	1
686	1
687	0
688	1
689	1
690	0
691	1
692	0
693	0
694	0
695	1
696	0
697	1
698	0
699	0
700	0
701	1
702	0
703	0
704	1
705	1
706	0
707	1
708	0
709	1
710	0
711	0
712	1
713	0
714	1
715	0
716	0
717	0
718	1
719	3
720	1
721	0
722	1
723	0
724	0
725	3
726	0
727	1
728	0
729	0
730	1
731	1
732	0
733	0
734	0
735	0
736	0
737	0
738	0
739	0
740	1
741	1
742	1
743	1
744	1
745	1
746	0
747	0
748	1
749	0
750	0
751	0
752	1
753	0
754	3
755	1
756	0
757	1
758	0
759	0
760	0
761	0
762	0
763	0
764	3
765	1
766	0
767	0
768	0
769	1
770	1
771	1
772	0
773	1
774	1
775	0
776	1
777	0
778	1
779	0
780	1
781	0
782	0
783	1
784	1
785	0
786	0
787	1
788	1
789	1
790	0
791	0
792	0
793	1
794	1
795	0
796	1
797	0
798	0
799	0
800	1
801	1
802	1
803	0
804	0
805	0
806	1
807	1
808	0
809	1
810	0
811	0
812	0
813	1
814	1
815	0
816	0
817	0
818	1
819	1
820	0
821	1
822	0
823	1
824	3
825	0
826	1
827	1
828	0
829	0
830	0
831	1
832	0
833	1
834	0
835	3
836	1
837	0
838	1
839	0
840	1
841	0
842	1
843	1
844	0
845	1
846	1
847	0
848	0
849	1
850	1
851	0
852	3
853	1
854	0
855	0
856	0
857	1
858	1
859	1
860	3
861	1
862	0
863	1
864	0
865	0
866	0
867	0
868	3
869	1
870	0
871	1
872	1
873	1
874	0
875	1
876	0
877	0
878	1
879	0
880	1
881	1
882	3
883	0
884	1
885	0
886	0
887	1
888	1
889	0
890	1
891	0
892	1
893	1
894	1
895	0
896	0
897	0
898	1
899	0
900	0
901	1
902	1
903	0
904	1
905	0
906	0
907	1
908	1
909	0
910	0
911	3
912	0
913	1
914	1
915	0
916	1
917	0
918	0
919	1
920	0
921	0
922	1
923	0
924	0
925	1
926	1
927	0
928	1
929	3
930	0
931	1
932	1
933	1
934	0
935	1
936	1
937	0
938	1
939	0
940	1
941	1
942	0
943	1
944	0
945	0
946	1
947	1
948	0
949	1
950	1
951	1
952	0
953	1
954	1
955	1
956	1
957	1
958	1
959	1
960	0
961	1
962	0
963	1
964	0
965	0
966	0
967	0
968	0
969	0
970	0
971	0
972	1
973	1
974	0
975	0
976	0
977	1
978	1
979	1
980	1
981	0
982	1
983	1
984	0
985	0
986	1
987	1
988	1
989	0
990	1
991	1
992	0
993	0
994	0
995	1
996	0
997	0
998	0
999	1
1000	0
1001	0
1002	0
1003	0
1004	0
1005	0
1006	0
1007	0
1008	0
1009	0
1010	0
1011	0
1012	0
1013	0
1014	0
1015	0
1016	0
1017	0
1018	0
1019	0
1020	0
1021	0
1022	0
1023	0
1024	0
1025	0
1026	0
1027	0
1028	0
1029	0
1030	0
1031	0
1032	0
1033	0
1034	0
1035	0
1036	0
1037	0
1038	0
1039	0
1040	0
1041	0
1042	0
1043	0
1044	0
1045	0
1046	0
1047	0
1048	0
1049	0
1050	0
1051	0
1052	0
1053	0
1054	0
1055	0
1056	0
1057	0
1058	0
1059	0
1060	0
1061	0
1062	0
1063	0
1064	0
1065	0
1066	0
1067	0
1068	0
1069	1
1070	0
1071	0
1072	0
1073	1
1074	0
1075	0
1076	0
1077	0
1078	0
1079	0
1080	0
1081	0
1082	0
1083	0
1084	0
1085	0
1086	0
1087	0
1088	0
1089	0
1090	0
1091	0
1092	0
1093	0
1094	0
1095	0
1096	0
1097	0
1098	0
1099	0
1100	0
1101	0
1102	0
1103	0
1104	0
1105	0
1106	0
1107	0
1108	0
1109	0
1110	0
1111	0
1112	0
1113	0
1114	0
1115	0
1116	0
1117	0
1118	0
1119	0
1120	0
1121	0
1122	0
1123	0
1124	0
1125	0
1126	0
1127	0
1128	0
1129	0
1130	0
1131	0
1132	0
1133	0
1134	0
1135	0
1136	0
1137	0
1138	0
1139	0
1140	0
1141	0
1142	0
1143	0
1144	0
1145	0
1146	0
1147	0
1148	0
1149	0
1150	0
1151	0
1152	0
1153	0
1154	0
1155	0
1156	0
1157	0
1158	0
1159	0
1160	0
1161	0
1162	0
1163	0
1164	0
1165	0
1166	0
1167	0
1168	0
1169	0
1170	0
1171	0
1172	0
1173	0
1174	1
1175	0
1176	0
1177	0
1178	0
1179	0
1180	0
1181	0
1182	0
1183	0
1184	0
1185	0
1186	0
1187	0
1188	0
1189	0
1190	0
1191	0
1192	0
1193	0
1194	0
1195	0
1196	0
1197	0
1198	0
1199	0
1200	0
1201	0
1202	0
1203	0
1204	1
1205	0
1206	0
1207	0
1208	0
1209	0
1210	0
1211	0
1212	0
1213	0
1214	1
1215	0
1216	0
1217	0
1218	0
1219	0
1220	0
1221	0
1222	0
1223	0
1224	0
1225	0
1226	0
1227	0
1228	0
1229	0
1230	0
1231	0
1232	0
1233	0
1234	0
1235	0
1236	0
1237	0
1238	0
1239	0
1240	0
1241	0
1242	0
1243	0
1244	0
1245	0
1246	0
1247	0
1248	0
1249	0
1250	0
1251	0
1252	0
1253	0
1254	0
1255	0
1256	0
1257	0
1258	0
1259	0
1260	0
1261	0
1262	0
1263	0
1264	0
1265	0
1266	0
1267	0
1268	0
1269	0
1270	0
1271	0
1272	0
1273	0
1274	0
1275	0
1276	0
1277	0
1278	0
1279	0
1280	0
1281	0
1282	0
1283	0
1284	0
1285	0
1286	0
1287	0
1288	0
1289	0
1290	0
1291	0
1292	0
1293	0
1294	0
1295	0
1296	0
1297	0
1298	0
1299	0
1300	0
1301	0
1302	0
1303	0
1304	0
1305	0
1306	0
1307	0
1308	0
1309	0
1310	0
1311	0
1312	0
1313	0
1314	0
1315	0
1316	0
1317	0
1318	0
1319	0
1320	0
1321	0
1322	0
1323	0
1324	0
1325	0
1326	0
1327	0
1328	0
1329	0
1330	0
1331	0
1332	0
1333	0
1334	0
1335	0
1336	0
1337	0
1338	0
1339	0
1340	0
1341	0
1342	0
1343	0
1344	0
1345	0
1346	0
1347	0
1348	0
1349	0
1350	0
1351	0
1352	0
1353	0
1354	0
1355	0
1356	0
1357	0
1358	0
1359	0
1360	0
1361	0
1362	0
1363	0
1364	0
1365	0
1366	0
1367	0
1368	0
1369	0
1370	0
1371	0
1372	0
1373	0
1374	0
1375	0
1376	0
1377	0
1378	0
1379	0
1380	0
1381	0
1382	0
1383	0
1384	0
1385	0
1386	0
1387	0
1388	0
1389	0
1390	0
1391	0
1392	0
1393	0
1394	0
1395	0
1396	0
1397	0
1398	0
1399	0
1400	0
1401	0
1402	0
1403	0
1404	0
1405	0
1406	0
1407	0
1408	0
1409	0
1410	0
1411	0
1412	0
1413	0
1414	0
1415	0
1416	0
1417	0
1418	0
1419	0
1420	0
1421	0
1422	0
1423	0
1424	0
1425	0
1426	0
1427	0
1428	0
1429	0
1430	0
1431	0
1432	0
1433	0
1434	0
1435	0
1436	0
1437	0
1438	0
1439	0
1440	0
1441	0
1442	0
1443	0
1444	0
1445	0
1446	0
1447	0
1448	0
1449	0
1450	0
1451	0
1452	0
1453	0
1454	0
1455	0
1456	0
1457	0
1458	0
1459	0
1460	0
1461	0
1462	0
1463	0
1464	0
1465	0
1466	0
1467	0
1468	0
1469	0
1470	0
1471	0
1472	0
1473	0
1474	0
1475	0
1476	0
1477	0
1478	0
1479	0
1480	0
1481	0
1482	0
1483	0
1484	0
1485	0
1486	0
1487	0
1488	0
1489	0
1490	0
1491	0
1492	0
1493	0
1494	0
1495	0
1496	0
1497	0
1498	0
1499	0
1500	0
1501	0
1502	0
1503	0
1504	0
1505	0
1506	0
1507	0
1508	0
1509	0
1510	0
1511	0
1512	0
1513	0
1514	0
1515	0
1516	0
1517	0
1518	0
1519	0
1520	0
1521	0
1522	0
1523	0
1524	0
1525	0
1526	0
1527	0
1528	0
1529	0
1530	0
1531	0
1532	0
1533	0
1534	0
1535	0
1536	0
1537	0
1538	0
1539	0
1540	0
1541	1
1542	0
1543	0
1544	0
1545	0
1546	0
1547	0
1548	0
1549	0
1550	0
1551	0
1552	0
1553	0
1554	0
1555	0
1556	0
1557	0
1558	0
1559	0
1560	0
1561	0
1562	0
1563	0
1564	0
1565	0
1566	0
1567	0
1568	0
1569	0
1570	0
1571	0
1572	0
1573	0
1574	0
1575	0
1576	0
1577	0
1578	0
1579	0
1580	0
1581	0
1582	0
1583	0
1584	0
1585	0
1586	0
1587	0
1588	0
1589	0
1590	0
1591	0
1592	0
1593	0
1594	0
1595	0
1596	0
1597	0
1598	0
1599	0
1600	0
1601	0
1602	0
1603	0
1604	0
1605	0
1606	0
1607	0
1608	0
1609	0
1610	0
1611	0
1612	0
1613	0
1614	0
1615	0
1616	0
1617	0
1618	0
1619	0
1620	0
1621	0
1622	0
1623	0
1624	0
1625	0
1626	0
1627	0
1628	0
1629	0
1630	0
1631	0
1632	0
1633	0
1634	0
1635	0
1636	0
1637	0
1638	0
1639	0
1640	0
1641	0
1642	0
1643	0
1644	0
1645	0
1646	0
1647	0
1648	0
1649	0
1650	0
1651	0
1652	0
1653	0
1654	0
1655	0
1656	0
1657	0
1658	0
1659	0
1660	0
1661	0
1662	0
1663	0
1664	0
1665	0
1666	0
1667	0
1668	0
1669	0
1670	0
1671	0
1672	0
1673	0
1674	0
1675	0
1676	0
1677	0
1678	0
1679	0
1680	0
1681	0
1682	0
1683	0
1684	0
1685	0
1686	0
1687	0
1688	0
1689	0
1690	0
1691	0
1692	0
1693	0
1694	0
1695	0
1696	0
1697	0
1698	0
1699	0
1700	0
1701	0
1702	0
1703	0
1704	0
1705	0
1706	0
1707	0
1708	0
1709	0
1710	0
1711	0
1712	0
1713	0
1714	0
1715	0
1716	0
1717	0
1718	0
1719	0
1720	0
1721	0
1722	0
1723	0
1724	0
1725	0
1726	0
1727	0
1728	0
1729	0
1730	0
1731	0
1732	0
1733	0
1734	0
1735	0
1736	0
1737	0
1738	0
1739	0
1740	0
1741	0
1742	0
1743	0
1744	0
1745	0
1746	0
1747	0
1748	0
1749	0
1750	0
1751	0
1752	0
1753	0
1754	0
1755	0
1756	0
1757	0
1758	0
1759	0
1760	0
1761	0
1762	0
1763	0
1764	0
1765	0
1766	0
1767	0
1768	0
1769	0
1770	0
1771	0
1772	0
1773	0
1774	0
1775	0
1776	0
1777	0
1778	0
1779	0
1780	0
1781	0
1782	0
1783	0
1784	0
1785	0
1786	0
1787	0
1788	0
1789	0
1790	0
1791	0
1792	0
1793	0
1794	0
1795	0
1796	0
1797	0
1798	0
1799	0
1800	0
1801	0
1802	0
1803	0
1804	0
1805	0
1806	0
1807	0
1808	0
1809	0
1810	0
1811	1
1812	0
1813	0
1814	0
1815	0
1816	0
1817	0
1818	0
1819	0
1820	0
1821	0
1822	0
1823	0
1824	0
1825	0
1826	0
1827	0
1828	0
1829	0
1830	0
1831	0
1832	0
1833	0
1834	0
1835	0
1836	0
1837	0
1838	0
1839	0
1840	0
1841	0
1842	0
1843	0
1844	0
1845	0
1846	0
1847	0
1848	0
1849	0
1850	0
1851	0
1852	0
1853	0
1854	0
1855	0
1856	0
1857	0
1858	0
1859	0
1860	0
1861	0
1862	0
1863	0
1864	0
1865	0
1866	0
1867	0
1868	0
1869	0
1870	0
1871	0
1872	0
1873	0
1874	0
1875	0
1876	0
1877	0
1878	0
1879	0
1880	0
1881	0
1882	0
1883	0
1884	0
1885	0
1886	0
1887	0
1888	0
1889	0
1890	0
1891	0
1892	0
1893	0
1894	0
1895	0
1896	0
1897	0
1898	0
1899	0
1900	0
1901	0
1902	0
1903	0
1904	0
1905	0
1906	0
1907	0
1908	0
1909	0
1910	0
1911	0
1912	0
1913	0
1914	0
1915	0
1916	0
1917	0
1918	0
1919	0
1920	0
1921	0
1922	0
1923	0
1924	0
1925	0
1926	0
1927	0
1928	0
1929	0
1930	0
1931	0
1932	0
1933	0
1934	0
1935	0
1936	0
1937	0
1938	0
1939	0
1940	0
1941	0
1942	0
1943	0
1944	0
1945	0
1946	0
1947	0
1948	0
1949	0
1950	0
1951	0
1952	0
1953	0
1954	0
1955	0
1956	0
1957	0
1958	0
1959	0
1960	0
1961	0
1962	0
1963	0
1964	0
1965	0
1966	0
1967	0
1968	0
1969	0
1970	0
1971	0
1972	0
1973	0
1974	0
1975	0
1976	0
1977	0
1978	0
1979	0
1980	0
1981	0
1982	0
1983	0
1984	0
1985	0
1986	0
1987	0
1988	0
1989	0
1990	0
1991	0
1992	0
1993	0
1994	0
1995	0
1996	0
1997	0
1998	0
1999	0
2000	3
2001	3
2002	3
2003	3
2004	3
2005	3
2006	3
2007	3
2008	3
2009	3
2010	3
2011	3
2012	3
2013	3
2014	3
2015	3
2016	3
2017	3
2018	3
2019	3
2020	3
2021	3
2022	3
2023	3
2024	3
2025	3
2026	3
2027	3
2028	3
2029	3
2030	3
2031	3
2032	3
2033	3
2034	3
2035	3
2036	1
2037	3
2038	3
2039	3
2040	3
2041	3
2042	3
2043	3
2044	3
2045	3
2046	3
2047	3
2048	3
2049	3
2050	3
2051	3
2052	3
2053	3
2054	3
2055	3
2056	3
2057	3
2058	3
2059	3
2060	3
2061	3
2062	3
2063	3
2064	3
2065	3
2066	3
2067	3
2068	3
2069	3
2070	3
2071	3
2072	3
2073	3
2074	3
2075	3
2076	3
2077	3
2078	3
2079	3
2080	3
2081	3
2082	3
2083	3
2084	3
2085	3
2086	3
2087	3
2088	3
2089	3
2090	3
2091	3
2092	3
2093	3
2094	3
2095	3
2096	3
2097	3
2098	3
2099	3
2100	3
2101	3
2102	3
2103	3
2104	3
2105	3
2106	3
2107	3
2108	3
2109	3
2110	3
2111	3
2112	3
2113	3
2114	3
2115	3
2116	3
2117	3
2118	3
2119	3
2120	3
2121	3
2122	3
2123	3
2124	3
2125	3
2126	3
2127	3
2128	3
2129	3
2130	3
2131	3
2132	3
2133	3
2134	3
2135	3
2136	3
2137	3
2138	3
2139	3
2140	3
2141	3
2142	3
2143	3
2144	3
2145	3
2146	3
2147	3
2148	3
2149	3
2150	3
2151	3
2152	3
2153	3
2154	3
2155	3
2156	3
2157	3
2158	3
2159	3
2160	3
2161	3
2162	3
2163	3
2164	3
2165	3
2166	3
2167	3
2168	3
2169	3
2170	3
2171	3
2172	3
2173	3
2174	3
2175	3
2176	3
2177	3
2178	3
2179	3
2180	3
2181	3
2182	3
2183	3
2184	3
2185	3
2186	3
2187	3
2188	3
2189	3
2190	3
2191	3
2192	3
2193	3
2194	3
2195	3
2196	3
2197	3
2198	3
2199	3
2200	3
2201	3
2202	3
2203	3
2204	3
2205	3
2206	3
2207	3
2208	3
2209	3
2210	3
2211	3
2212	3
2213	3
2214	3
2215	3
2216	3
2217	3
2218	3
2219	1
2220	3
2221	3
2222	3
2223	3
2224	3
2225	3
2226	3
2227	3
2228	3
2229	3
2230	3
2231	3
2232	3
2233	3
2234	3
2235	3
2236	3
2237	1
2238	3
2239	3
2240	3
2241	3
2242	3
2243	3
2244	3
2245	3
2246	3
2247	3
2248	3
2249	3
2250	3
2251	3
2252	3
2253	3
2254	3
2255	3
2256	3
2257	3
2258	3
2259	3
2260	3
2261	3
2262	3
2263	3
2264	3
2265	3
2266	3
2267	3
2268	3
2269	3
2270	3
2271	3
2272	1
2273	3
2274	3
2275	3
2276	3
2277	3
2278	3
2279	3
2280	3
2281	3
2282	3
2283	3
2284	3
2285	3
2286	3
2287	3
2288	3
2289	3
2290	3
2291	3
2292	3
2293	3
2294	3
2295	3
2296	3
2297	3
2298	3
2299	3
2300	3
2301	3
2302	3
2303	3
2304	3
2305	3
2306	3
2307	3
2308	3
2309	3
2310	3
2311	3
2312	3
2313	3
2314	3
2315	3
2316	3
2317	3
2318	3
2319	3
2320	3
2321	3
2322	3
2323	3
2324	3
2325	3
2326	3
2327	3
2328	3
2329	3
2330	3
2331	3
2332	3
2333	3
2334	3
2335	3
2336	3
2337	3
2338	3
2339	3
2340	3
2341	3
2342	3
2343	3
2344	3
2345	3
2346	3
2347	3
2348	3
2349	3
2350	3
2351	3
2352	3
2353	3
2354	3
2355	3
2356	3
2357	3
2358	3
2359	3
2360	3
2361	3
2362	3
2363	3
2364	3
2365	3
2366	3
2367	3
2368	3
2369	3
2370	3
2371	3
2372	3
2373	3
2374	3
2375	3
2376	3
2377	3
2378	3
2379	3
2380	3
2381	3
2382	3
2383	3
2384	3
2385	3
2386	3
2387	3
2388	3
2389	3
2390	3
2391	3
2392	3
2393	3
2394	3
2395	3
2396	3
2397	3
2398	3
2399	3
2400	3
2401	3
2402	3
2403	3
2404	3
2405	3
2406	3
2407	3
2408	3
2409	3
2410	3
2411	3
2412	3
2413	3
2414	3
2415	3
2416	3
2417	3
2418	3
2419	3
2420	3
2421	3
2422	3
2423	3
2424	3
2425	3
2426	3
2427	3
2428	3
2429	3
2430	3
2431	3
2432	3
2433	3
2434	3
2435	3
2436	3
2437	3
2438	3
2439	3
2440	3
2441	3
2442	3
2443	3
2444	3
2445	3
2446	3
2447	1
2448	3
2449	3
2450	3
2451	3
2452	3
2453	3
2454	3
2455	3
2456	3
2457	3
2458	3
2459	3
2460	3
2461	3
2462	3
2463	3
2464	3
2465	3
2466	3
2467	3
2468	3
2469	3
2470	3
2471	3
2472	3
2473	3
2474	3
2475	3
2476	3
2477	3
2478	3
2479	3
2480	3
2481	3
2482	3
2483	3
2484	3
2485	3
2486	3
2487	3
2488	3
2489	3
2490	3
2491	3
2492	3
2493	3
2494	3
2495	3
2496	3
2497	3
2498	3
2499	3
2500	3
2501	3
2502	3
2503	3
2504	3
2505	3
2506	3
2507	3
2508	3
2509	3
2510	3
2511	3
2512	3
2513	3
2514	3
2515	3
2516	3
2517	3
2518	3
2519	3
2520	3
2521	3
2522	3
2523	3
2524	3
2525	3
2526	3
2527	3
2528	3
2529	3
2530	3
2531	3
2532	3
2533	3
2534	3
2535	3
2536	3
2537	3
2538	3
2539	3
2540	3
2541	3
2542	3
2543	3
2544	1
2545	3
2546	3
2547	3
2548	3
2549	3
2550	3
2551	3
2552	3
2553	3
2554	3
2555	3
2556	3
2557	3
2558	3
2559	3
2560	3
2561	3
2562	3
2563	3
2564	3
2565	3
2566	3
2567	3
2568	3
2569	3
2570	3
2571	3
2572	3
2573	3
2574	3
2575	3
2576	3
2577	3
2578	3
2579	3
2580	3
2581	3
2582	3
2583	3
2584	3
2585	3
2586	3
2587	3
2588	3
2589	3
2590	3
2591	3
2592	3
2593	3
2594	3
2595	3
2596	3
2597	3
2598	3
2599	3
2600	3
2601	3
2602	3
2603	3
2604	3
2605	3
2606	3
2607	3
2608	3
2609	3
2610	3
2611	3
2612	3
2613	3
2614	3
2615	3
2616	3
2617	3
2618	3
2619	3
2620	3
2621	3
2622	3
2623	3
2624	3
2625	3
2626	3
2627	3
2628	3
2629	3
2630	3
2631	3
2632	3
2633	3
2634	3
2635	3
2636	3
2637	3
2638	3
2639	3
2640	3
2641	3
2642	3
2643	3
2644	3
2645	3
2646	3
2647	3
2648	3
2649	3
2650	3
2651	3
2652	3
2653	3
2654	3
2655	3
2656	3
2657	3
2658	3
2659	3
2660	3
2661	3
2662	3
2663	3
2664	3
2665	3
2666	3
2667	3
2668	3
2669	3
2670	3
2671	1
2672	3
2673	3
2674	3
2675	3
2676	3
2677	1
2678	3
2679	3
2680	3
2681	3
2682	3
2683	3
2684	3
2685	3
2686	3
2687	3
2688	3
2689	3
2690	3
2691	3
2692	3
2693	3
2694	3
2695	3
2696	3
2697	3
2698	3
2699	3
2700	3
2701	3
2702	3
2703	3
2704	3
2705	3
2706	3
2707	3
2708	3
2709	3
2710	3
2711	3
2712	3
2713	3
2714	3
2715	3
2716	3
2717	3
2718	3
2719	3
2720	3
2721	3
2722	3
2723	3
2724	3
2725	3
2726	3
2727	3
2728	3
2729	3
2730	3
2731	3
2732	3
2733	3
2734	3
2735	3
2736	3
2737	3
2738	3
2739	1
2740	3
2741	3
2742	3
2743	3
2744	3
2745	3
2746	1
2747	3
2748	3
2749	3
2750	3
2751	3
2752	3
2753	3
2754	3
2755	3
2756	3
2757	3
2758	3
2759	3
2760	3
2761	3
2762	3
2763	3
2764	3
2765	3
2766	3
2767	3
2768	3
2769	3
2770	3
2771	3
2772	3
2773	3
2774	3
2775	3
2776	3
2777	3
2778	3
2779	3
2780	3
2781	3
2782	3
2783	3
2784	3
2785	3
2786	3
2787	3
2788	3
2789	3
2790	3
2791	1
2792	3
2793	3
2794	3
2795	3
2796	3
2797	3
2798	3
2799	3
2800	3
2801	3
2802	3
2803	3
2804	3
2805	3
2806	3
2807	3
2808	1
2809	3
2810	1
2811	3
2812	3
2813	3
2814	3
2815	3
2816	3
2817	3
2818	3
2819	3
2820	3
2821	3
2822	3
2823	3
2824	3
2825	3
2826	3
2827	3
2828	3
2829	3
2830	3
2831	3
2832	3
2833	3
2834	3
2835	3
2836	3
2837	3
2838	3
2839	3
2840	3
2841	3
2842	3
2843	3
2844	3
2845	3
2846	3
2847	3
2848	3
2849	3
2850	3
2851	3
2852	3
2853	3
2854	3
2855	3
2856	3
2857	3
2858	3
2859	3
2860	3
2861	3
2862	3
2863	3
2864	3
2865	3
2866	3
2867	3
2868	3
2869	3
2870	3
2871	3
2872	3
2873	3
2874	3
2875	3
2876	3
2877	3
2878	3
2879	3
2880	3
2881	3
2882	3
2883	3
2884	3
2885	3
2886	3
2887	3
2888	3
2889	1
2890	3
2891	3
2892	3
2893	3
2894	3
2895	3
2896	3
2897	3
2898	3
2899	3
2900	3
2901	3
2902	3
2903	3
2904	3
2905	3
2906	3
2907	3
2908	3
2909	3
2910	3
2911	3
2912	3
2913	3
2914	3
2915	3
2916	3
2917	3
2918	3
2919	3
2920	3
2921	3
2922	3
2923	3
2924	3
2925	1
2926	3
2927	3
2928	3
2929	3
2930	3
2931	3
2932	3
2933	3
2934	3
2935	3
2936	3
2937	3
2938	3
2939	3
2940	3
2941	3
2942	3
2943	3
2944	3
2945	3
2946	3
2947	3
2948	3
2949	3
2950	3
2951	3
2952	3
2953	3
2954	3
2955	3
2956	3
2957	3
2958	3
2959	3
2960	3
2961	3
2962	3
2963	3
2964	3
2965	3
2966	3
2967	3
2968	3
2969	3
2970	3
2971	3
2972	3
2973	3
2974	3
2975	3
2976	3
2977	3
2978	3
2979	3
2980	3
2981	3
2982	3
2983	3
2984	3
2985	3
2986	3
2987	3
2988	3
2989	3
2990	3
2991	3
2992	3
2993	3
2994	3
2995	3
2996	3
2997	3
2998	3
2999	3
3000	2
3001	2
3002	2
3003	2
3004	2
3005	2
3006	1
3007	2
3008	2
3009	2
3010	2
3011	2
3012	2
3013	2
3014	2
3015	2
3016	2
3017	2
3018	2
3019	2
3020	2
3021	2
3022	2
3023	2
3024	2
3025	2
3026	2
3027	2
3028	2
3029	2
3030	2
3031	2
3032	2
3033	2
3034	2
3035	2
3036	2
3037	2
3038	2
3039	2
3040	2
3041	2
3042	2
3043	2
3044	2
3045	2
3046	2
3047	2
3048	2
3049	2
3050	2
3051	2
3052	2
3053	1
3054	2
3055	2
3056	2
3057	2
3058	2
3059	2
3060	2
3061	2
3062	2
3063	2
3064	2
3065	2
3066	2
3067	2
3068	2
3069	2
3070	2
3071	2
3072	2
3073	2
3074	2
3075	2
3076	2
3077	2
3078	2
3079	2
3080	2
3081	2
3082	2
3083	2
3084	2
3085	2
3086	2
3087	2
3088	2
3089	2
3090	2
3091	2
3092	2
3093	2
3094	2
3095	2
3096	2
3097	2
3098	1
3099	2
3100	2
3101	2
3102	2
3103	2
3104	2
3105	2
3106	2
3107	2
3108	2
3109	2
3110	2
3111	2
3112	2
3113	2
3114	2
3115	2
3116	2
3117	2
3118	2
3119	2
3120	2
3121	2
3122	2
3123	2
3124	2
3125	2
3126	2
3127	2
3128	2
3129	2
3130	2
3131	2
3132	2
3133	2
3134	2
3135	2
3136	2
3137	2
3138	2
3139	2
3140	2
3141	2
3142	2
3143	2
3144	2
3145	2
3146	2
3147	2
3148	2
3149	2
3150	2
3151	2
3152	2
3153	2
3154	2
3155	2
3156	2
3157	2
3158	2
3159	2
3160	2
3161	2
3162	2
3163	2
3164	2
3165	2
3166	2
3167	2
3168	2
3169	2
3170	2
3171	2
3172	2
3173	2
3174	2
3175	2
3176	2
3177	2
3178	2
3179	2
3180	2
3181	2
3182	2
3183	2
3184	2
3185	2
3186	2
3187	2
3188	2
3189	2
3190	2
3191	2
3192	2
3193	2
3194	1
3195	2
3196	2
3197	2
3198	2
3199	2
3200	2
3201	2
3202	2
3203	2
3204	2
3205	2
3206	2
3207	2
3208	2
3209	2
3210	2
3211	2
3212	2
3213	2
3214	2
3215	2
3216	2
3217	2
3218	2
3219	2
3220	2
3221	2
3222	2
3223	2
3224	2
3225	2
3226	2
3227	2
3228	2
3229	2
3230	2
3231	2
3232	1
3233	2
3234	2
3235	2
3236	2
3237	2
3238	2
3239	2
3240	2
3241	2
3242	2
3243	2
3244	2
3245	2
3246	2
3247	2
3248	2
3249	2
3250	2
3251	2
3252	2
3253	2
3254	1
3255	2
3256	2
3257	2
3258	2
3259	2
3260	2
3261	2
3262	2
3263	2
3264	2
3265	2
3266	2
3267	2
3268	2
3269	2
3270	2
3271	2
3272	2
3273	2
3274	2
3275	2
3276	2
3277	2
3278	2
3279	2
3280	2
3281	2
3282	2
3283	2
3284	2
3285	2
3286	2
3287	2
3288	2
3289	2
3290	2
3291	2
3292	2
3293	2
3294	2
3295	2
3296	2
3297	2
3298	2
3299	2
3300	2
3301	2
3302	2
3303	2
3304	2
3305	2
3306	2
3307	2
3308	2
3309	2
3310	2
3311	2
3312	2
3313	2
3314	2
3315	2
3316	2
3317	2
3318	2
3319	2
3320	2
3321	2
3322	2
3323	2
3324	2
3325	2
3326	2
3327	2
3328	2
3329	2
3330	2
3331	2
3332	2
3333	2
3334	2
3335	2
3336	2
3337	2
3338	2
3339	2
3340	2
3341	2
3342	2
3343	2
3344	2
3345	2
3346	1
3347	2
3348	2
3349	2
3350	2
3351	2
3352	2
3353	2
3354	2
3355	2
3356	2
3357	2
3358	2
3359	2
3360	2
3361	2
3362	2
3363	2
3364	2
3365	2
3366	2
3367	2
3368	2
3369	2
3370	2
3371	2
3372	2
3373	2
3374	2
3375	2
3376	2
3377	2
3378	2
3379	2
3380	2
3381	2
3382	2
3383	2
3384	2
3385	2
3386	2
3387	2
3388	2
3389	2
3390	2
3391	2
3392	2
3393	2
3394	2
3395	2
3396	2
3397	2
3398	2
3399	2
3400	2
3401	2
3402	2
3403	2
3404	2
3405	2
3406	2
3407	2
3408	2
3409	2
3410	2
3411	2
3412	2
3413	2
3414	2
3415	2
3416	2
3417	2
3418	2
3419	2
3420	2
3421	2
3422	2
3423	2
3424	2
3425	2
3426	2
3427	2
3428	2
3429	2
3430	2
3431	2
3432	2
3433	2
3434	2
3435	2
3436	2
3437	2
3438	2
3439	2
3440	2
3441	2
3442	2
3443	2
3444	2
3445	2
3446	2
3447	2
3448	2
3449	2
3450	2
3451	2
3452	2
3453	2
3454	2
3455	1
3456	2
3457	2
3458	2
3459	2
3460	2
3461	2
3462	2
3463	2
3464	2
3465	2
3466	2
3467	2
3468	2
3469	2
3470	2
3471	2
3472	2
3473	2
3474	1
3475	2
3476	2
3477	2
3478	2
3479	2
3480	2
3481	2
3482	2
3483	2
3484	2
3485	2
3486	2
3487	2
3488	2
3489	2
3490	2
3491	2
3492	2
3493	2
3494	2
3495	2
3496	2
3497	2
3498	2
3499	2
3500	2
3501	2
3502	2
3503	2
3504	2
3505	2
3506	2
3507	2
3508	2
3509	2
3510	2
3511	2
3512	2
3513	2
3514	2
3515	2
3516	2
3517	2
3518	2
3519	2
3520	2
3521	2
3522	2
3523	2
3524	2
3525	2
3526	2
3527	2
3528	2
3529	2
3530	2
3531	2
3532	2
3533	2
3534	2
3535	2
3536	2
3537	2
3538	2
3539	2
3540	2
3541	2
3542	2
3543	2
3544	2
3545	2
3546	2
3547	2
3548	2
3549	2
3550	2
3551	2
3552	2
3553	2
3554	2
3555	2
3556	2
3557	2
3558	2
3559	2
3560	2
3561	2
3562	2
3563	2
3564	2
3565	2
3566	2
3567	2
3568	2
3569	2
3570	2
3571	2
3572	2
3573	2
3574	2
3575	2
3576	2
3577	2
3578	2
3579	2
3580	2
3581	2
3582	2
3583	2
3584	2
3585	2
3586	2
3587	2
3588	2
3589	2
3590	1
3591	2
3592	2
3593	2
3594	2
3595	2
3596	2
3597	2
3598	2
3599	2
3600	2
3601	2
3602	2
3603	2
3604	2
3605	2
3606	2
3607	2
3608	2
3609	2
3610	2
3611	2
3612	2
3613	2
3614	2
3615	2
3616	2
3617	2
3618	2
3619	2
3620	2
3621	2
3622	2
3623	2
3624	2
3625	2
3626	2
3627	2
3628	2
3629	2
3630	2
3631	2
3632	2
3633	2
3634	2
3635	2
3636	2
3637	2
3638	2
3639	2
3640	2
3641	2
3642	2
3643	2
3644	2
3645	2
3646	2
3647	2
3648	2
3649	2
3650	2
3651	2
3652	2
3653	2
3654	2
3655	2
3656	2
3657	2
3658	2
3659	2
3660	2
3661	2
3662	2
3663	2
3664	2
3665	2
3666	2
3667	2
3668	2
3669	2
3670	2
3671	2
3672	2
3673	2
3674	2
3675	2
3676	2
3677	2
3678	2
3679	2
3680	2
3681	2
3682	2
3683	2
3684	2
3685	2
3686	2
3687	2
3688	2
3689	2
3690	2
3691	2
3692	2
3693	2
3694	2
3695	2
3696	2
3697	2
3698	2
3699	2
3700	2
3701	2
3702	2
3703	2
3704	2
3705	2
3706	2
3707	2
3708	2
3709	2
3710	2
3711	2
3712	1
3713	2
3714	2
3715	2
3716	2
3717	2
3718	2
3719	2
3720	2
3721	2
3722	2
3723	2
3724	2
3725	2
3726	2
3727	2
3728	2
3729	2
3730	1
3731	2
3732	2
3733	2
3734	2
3735	2
3736	2
3737	2
3738	2
3739	2
3740	2
3741	2
3742	2
3743	2
3744	2
3745	2
3746	2
3747	2
3748	2
3749	2
3750	2
3751	2
3752	2
3753	2
3754	2
3755	2
3756	2
3757	2
3758	2
3759	2
3760	2
3761	2
3762	2
3763	2
3764	2
3765	2
3766	2
3767	2
3768	2
3769	2
3770	2
3771	2
3772	2
3773	2
3774	2
3775	2
3776	2
3777	2
3778	2
3779	2
3780	1
3781	2
3782	2
3783	2
3784	2
3785	2
3786	2
3787	2
3788	2
3789	2
3790	2
3791	2
3792	2
3793	2
3794	2
3795	2
3796	2
3797	2
3798	2
3799	2
3800	2
3801	2
3802	2
3803	2
3804	2
3805	2
3806	2
3807	2
3808	2
3809	2
3810	2
3811	2
3812	2
3813	2
3814	2
3815	2
3816	2
3817	2
3818	2
3819	2
3820	2
3821	2
3822	2
3823	2
3824	2
3825	2
3826	2
3827	2
3828	2
3829	2
3830	2
3831	2
3832	2
3833	2
3834	2
3835	2
3836	2
3837	2
3838	2
3839	2
3840	2
3841	2
3842	2
3843	2
3844	2
3845	2
3846	2
3847	2
3848	2
3849	2
3850	2
3851	2
3852	2
3853	2
3854	2
3855	2
3856	2
3857	2
3858	2
3859	2
3860	2
3861	2
3862	2
3863	2
3864	2
3865	2
3866	2
3867	2
3868	2
3869	2
3870	2
3871	2
3872	2
3873	2
3874	2
3875	2
3876	2
3877	2
3878	2
3879	2
3880	2
3881	2
3882	2
3883	2
3884	2
3885	2
3886	2
3887	2
3888	2
3889	2
3890	2
3891	2
3892	2
3893	2
3894	2
3895	2
3896	2
3897	2
3898	2
3899	2
3900	2
3901	2
3902	2
3903	2
3904	2
3905	2
3906	2
3907	2
3908	2
3909	2
3910	2
3911	2
3912	2
3913	2
3914	2
3915	2
3916	2
3917	2
3918	2
3919	2
3920	2
3921	2
3922	2
3923	2
3924	2
3925	2
3926	2
3927	2
3928	2
3929	2
3930	2
3931	2
3932	2
3933	2
3934	2
3935	2
3936	2
3937	2
3938	2
3939	2
3940	2
3941	2
3942	2
3943	2
3944	2
3945	2
3946	2
3947	2
3948	2
3949	2
3950	2
3951	2
3952	2
3953	2
3954	2
3955	2
3956	2
3957	2
3958	2
3959	2
3960	2
3961	2
3962	2
3963	2
3964	2
3965	2
3966	2
3967	2
3968	2
3969	2
3970	2
3971	2
3972	2
3973	2
3974	2
3975	2
3976	2
3977	2
3978	2
3979	2
3980	2
3981	2
3982	1
3983	2
3984	2
3985	2
3986	2
3987	2
3988	2
3989	2
3990	2
3991	2
3992	2
3993	2
3994	2
3995	2
3996	2
3997	2
3998	2
3999	2
